100 546 370
200 1291 866
300 2086 1412
400 2947 2000
500 3867 2603
600 4791 3195
700 5759 3810
800 6727 4433
900 7689 5149
1000 8722 5826
1100 9744 6527
1200 10799 7200
1300 11849 7909
1400 12905 8615
1500 13962 9292
1600 15037 10007
1700 16128 10700
1800 17232 11385
1900 18289 12084
2000 19416 12778
2100 20546 13483
2200 21637 14189
2300 22830 14973
2400 23934 15742
2500 25128 16555
2600 26259 17297
2700 27408 18099
2800 28590 18894
2900 29804 19666
3000 30936 20461
3100 32066 21241
3200 33271 22056
3300 34399 22850
3400 35679 23635
3500 36850 24459
3600 38011 25200
3700 39279 26042
3800 40412 26797
3900 41621 27667
4000 42819 28451
4100 44025 29214
4200 45285 30019
4300 46609 30837
4400 47799 31615
4500 49077 32429
4600 50156 33158
4700 51544 34029
4800 52758 34815
4900 53993 35564
5000 55226 36372
