#n f1 f2 f3 f4 f5 f6 f7 f8 f9 f10 f11 f12
2 2.000000 16.970563 0.500000 2.000000 412.000000 1.424050 -320.000000 -320.000000 70.710678 16.000000 9.000000 8589934592.000000
3 4.754888 20.784610 0.333333 5.704522 918.000000 1.751184 -315.000000 -315.000000 86.602540 54.000000 27.000000 12884901888.000000
4 8.000000 24.000000 0.250000 16.000000 1624.000000 2.027919 -308.000000 -308.000000 100.000000 128.000000 81.000000 17179869184.000000
5 11.609640 26.832816 0.200000 41.971848 2530.000000 2.272347 -299.000000 -299.000000 111.803399 250.000000 243.000000 21474836480.000000
6 15.509775 29.393877 0.166667 102.681405 3636.000000 2.493774 -288.000000 -288.000000 122.474487 432.000000 729.000000 25769803776.000000
7 19.651484 31.749016 0.142857 235.770868 4942.000000 2.697739 -275.000000 -275.000000 132.287566 686.000000 2187.000000 30064771072.000000
8 24.000000 33.941125 0.125000 512.000000 6448.000000 2.887858 -260.000000 -260.000000 141.421356 1024.000000 6561.000000 34359738368.000000
9 28.529325 36.000000 0.111111 1058.954227 8154.000000 3.066646 -243.000000 -243.000000 150.000000 1458.000000 19683.000000 38654705664.000000
10 33.219281 37.947332 0.100000 2098.592396 10060.000000 3.235937 -224.000000 -224.000000 158.113883 2000.000000 59049.000000 42949672960.000000
11 38.053748 39.799497 0.090909 4005.223747 12166.000000 3.397115 -203.000000 -203.000000 165.831240 2662.000000 177147.000000 47244640256.000000
12 43.019550 41.569219 0.083333 7393.061153 14472.000000 3.551260 -180.000000 -180.000000 173.205081 3456.000000 531441.000000 51539607552.000000
13 48.105716 43.266615 0.076923 13245.861955 16978.000000 3.699228 -155.000000 -155.000000 180.277564 4394.000000 1594323.000000 55834574848.000000
14 53.302969 44.899889 0.071429 23105.545058 19684.000000 3.841716 -128.000000 -128.000000 187.082869 5488.000000 4782969.000000 60129542144.000000
15 58.603359 46.475800 0.066667 39342.312126 22590.000000 3.979299 -99.000000 -99.000000 193.649167 6750.000000 14348907.000000 64424509440.000000
16 64.000000 48.000000 0.062500 65536.000000 25696.000000 4.112455 -68.000000 -68.000000 200.000000 8192.000000 43046721.000000 68719476736.000000
17 69.486868 49.477268 0.058824 107007.506497 29002.000000 4.241593 -35.000000 -35.000000 206.155281 9826.000000 129140163.000000 73014444032.000000
18 75.058650 50.911688 0.055556 171550.584717 32508.000000 4.367058 0.000000 0.000000 212.132034 11664.000000 387420489.000000 77309411328.000000
19 80.710623 52.306787 0.052632 270428.590391 36214.000000 4.489152 37.000000 37.000000 217.944947 13718.000000 1162261467.000000 81604378624.000000
20 86.438562 53.665631 0.050000 419718.479173 40120.000000 4.608136 76.000000 76.000000 223.606798 16000.000000 3486784401.000000 85899345920.000000
21 92.238666 54.990908 0.047619 642106.172840 44226.000000 4.724239 117.000000 117.000000 229.128785 18522.000000 10460353203.000000 90194313216.000000
22 98.107496 56.284989 0.045455 969264.146814 48532.000000 4.837663 160.000000 160.000000 234.520788 21296.000000 31381059609.000000 94489280512.000000
23 104.041925 57.549978 0.043478 1444974.668050 53038.000000 4.948587 205.000000 205.000000 239.791576 24334.000000 94143178827.000000 98784247808.000000
24 110.039100 58.787754 0.041667 2129201.612098 57744.000000 5.057172 252.000000 252.000000 244.948974 27648.000000 282429536481.000000 103079215104.000000
25 116.096405 60.000000 0.040000 3103361.458491 62650.000000 5.163562 301.000000 301.000000 250.000000 31250.000000 847288609443.000000 107374182400.000000
26 122.211433 61.188234 0.038462 4477101.340867 67756.000000 5.267886 352.000000 352.000000 254.950976 35152.000000 2541865828329.000000 111669149696.000000
27 128.381963 62.353829 0.037037 6396960.561985 73062.000000 5.370263 405.000000 405.000000 259.807621 39366.000000 7625597484987.000000 115964116992.000000
28 134.605938 63.498031 0.035714 9057373.662722 78568.000000 5.470797 460.000000 460.000000 264.575131 43904.000000 22876792454961.000000 120259084288.000000
29 140.881449 64.621978 0.034483 12714570.115765 84274.000000 5.569587 517.000000 517.000000 269.258240 48778.000000 68630377364883.000000 124554051584.000000
30 147.206718 65.726707 0.033333 17704040.456755 90180.000000 5.666721 576.000000 576.000000 273.861279 54000.000000 205891132094649.000000 128849018880.000000
31 153.580086 66.813172 0.032258 24462373.961931 96286.000000 5.762281 637.000000 637.000000 278.388218 59582.000000 617673396283947.000000 133143986176.000000
32 160.000000 67.882251 0.031250 33554432.000000 102592.000000 5.856343 700.000000 700.000000 282.842712 65536.000000 1853020188851841.000000 137438953472.000000
33 166.465006 68.934752 0.030303 45707007.512069 109098.000000 5.948975 765.000000 765.000000 287.228132 71874.000000 5559060566555523.000000 141733920768.000000
34 172.973737 69.971423 0.029412 61850338.755481 115804.000000 6.040241 832.000000 832.000000 291.547595 78608.000000 16677181699666570.000000 146028888064.000000
35 179.524906 70.992957 0.028571 83169099.047640 122710.000000 6.130201 901.000000 901.000000 295.803989 85750.000000 50031545098999704.000000 150323855360.000000
36 186.117300 72.000000 0.027778 111164778.896431 129816.000000 6.218910 972.000000 972.000000 300.000000 93312.000000 150094635296999140.000000 154618822656.000000
37 192.749775 72.993150 0.027027 147731718.366431 137122.000000 6.306420 1045.000000 1045.000000 304.138127 101306.000000 450283905890997380.000000 158913789952.000000
38 199.421246 73.972968 0.026316 195249442.262459 144628.000000 6.392778 1120.000000 1120.000000 308.220700 109744.000000 1350851717672992000.000000 163208757248.000000
39 206.130687 74.939976 0.025641 256694405.939270 152334.000000 6.478030 1197.000000 1197.000000 312.249900 118638.000000 4052555153018976300.000000 167503724544.000000
40 212.877124 75.894664 0.025000 335774783.338666 160240.000000 6.562217 1276.000000 1276.000000 316.227766 128000.000000 12157665459056929000.000000 171798691840.000000
41 219.659632 76.837491 0.024390 437092530.213586 168346.000000 6.645379 1357.000000 1357.000000 320.156212 137842.000000 36472996377170788000.000000 176093659136.000000
42 226.477332 77.768888 0.023810 566337644.444530 176652.000000 6.727553 1440.000000 1440.000000 324.037035 148176.000000 109418989131512370000.000000 180388626432.000000
43 233.329384 78.689262 0.023256 730520333.030495 185158.000000 6.808774 1525.000000 1525.000000 327.871926 159014.000000 328256967394537050000.000000 184683593728.000000
44 240.214991 79.598995 0.022727 938247694.115958 193864.000000 6.889074 1612.000000 1612.000000 331.662479 170368.000000 984770902183611200000.000000 188978561024.000000
45 247.133389 80.498447 0.022222 1200052546.014571 202770.000000 6.968485 1701.000000 1701.000000 335.410197 182250.000000 2954312706550833600000.000000 193273528320.000000
46 254.083850 81.387960 0.021739 1528783198.797139 211876.000000 7.047036 1792.000000 1792.000000 339.116499 194672.000000 8862938119652501400000.000000 197568495616.000000
47 261.065676 82.267855 0.021277 1940064284.420898 221182.000000 7.124755 1885.000000 1885.000000 342.782730 207646.000000 26588814358957502000000.000000 201863462912.000000
48 268.078200 83.138439 0.020833 2452840257.137437 230688.000000 7.201667 1980.000000 1980.000000 346.410162 221184.000000 79766443076872514000000.000000 206158430208.000000
49 275.120782 84.000000 0.020408 3090014867.487506 240394.000000 7.277798 2077.000000 2077.000000 350.000000 235298.000000 239299329230617530000000.000000 210453397504.000000
50 282.192809 84.852814 0.020000 3879201823.113272 250300.000000 7.353172 2176.000000 2176.000000 353.553391 250000.000000 717897987691852580000000.000000 214748364800.000000
51 289.293692 85.697141 0.019608 4853604002.698649 260406.000000 7.427810 2277.000000 2277.000000 357.071421 265302.000000 2153693963075557700000000.000000 219043332096.000000
52 296.422865 86.533231 0.019231 6053041012.852460 270712.000000 7.501735 2380.000000 2380.000000 360.555128 281216.000000 6461081889226672900000000.000000 223338299392.000000
53 303.579784 87.361319 0.018868 7525147601.618924 281218.000000 7.574966 2485.000000 2485.000000 364.005494 297754.000000 19383245667680020000000000.000000 227633266688.000000
54 310.763925 88.181631 0.018519 9326768499.374613 291924.000000 7.647523 2592.000000 2592.000000 367.423461 314928.000000 58149737003040055000000000.000000 231928233984.000000
55 317.974784 88.994382 0.018182 11525578684.136219 302830.000000 7.719425 2701.000000 2701.000000 370.809924 332750.000000 174449211009120170000000000.000000 236223201280.000000
56 325.211876 89.799777 0.017857 14201961903.148504 313936.000000 7.790689 2812.000000 2812.000000 374.165739 351232.000000 523347633027360570000000000.000000 240518168576.000000
57 332.474731 90.598013 0.017544 17451184569.123379 325242.000000 7.861333 2925.000000 2925.000000 377.491722 370386.000000 1570042899082081600000000000.000000 244813135872.000000
58 339.762898 91.389277 0.017241 21385906934.717026 336748.000000 7.931371 3040.000000 3040.000000 380.788655 390224.000000 4710128697246244900000000000.000000 249108103168.000000
59 347.075940 92.173749 0.016949 26139078784.135380 348454.000000 8.000820 3157.000000 3157.000000 384.057287 410758.000000 14130386091738735000000000000.000000 253403070464.000000
60 354.413436 92.951600 0.016667 31867272822.158600 360360.000000 8.069695 3276.000000 3276.000000 387.298335 432000.000000 42391158275216204000000000000.000000 257698037760.000000
61 361.774978 93.722996 0.016393 38754515549.413361 372466.000000 8.138010 3397.000000 3397.000000 390.512484 453962.000000 127173474825648600000000000000.000000 261993005056.000000
62 369.160171 94.488094 0.016129 47016682754.831543 384772.000000 8.205778 3520.000000 3520.000000 393.700394 476656.000000 381520424476945860000000000000.000000 266287972352.000000
63 376.568635 95.247047 0.015873 56906534904.194740 397278.000000 8.273012 3645.000000 3645.000000 396.862697 500094.000000 1144561273430837400000000000000.000000 270582939648.000000
64 384.000000 96.000000 0.015625 68719476736.000000 409984.000000 8.339726 3772.000000 3772.000000 400.000000 524288.000000 3433683820292512400000000000000.000000 274877906944.000000
65 391.453908 96.747093 0.015385 82800135377.910553 422890.000000 8.405931 3901.000000 3901.000000 403.112887 549250.000000 10301051460877538000000000000000.000000 279172874240.000000
66 398.930012 97.488461 0.015152 99549862361.286392 435996.000000 8.471638 4032.000000 4032.000000 406.201920 574992.000000 30903154382632611000000000000000.000000 283467841536.000000
67 406.427976 98.224233 0.014925 119435277138.105330 449302.000000 8.536860 4165.000000 4165.000000 409.267639 601526.000000 92709463147897834000000000000000.000000 287762808832.000000
68 413.947473 98.954535 0.014706 142997983202.671330 462808.000000 8.601606 4300.000000 4300.000000 412.310563 628864.000000 278128389443693520000000000000000.000000 292057776128.000000
69 421.488188 99.679486 0.014493 170865602807.570280 476514.000000 8.665887 4437.000000 4437.000000 415.331193 657018.000000 834385168331080490000000000000000.000000 296352743424.000000
70 429.049811 100.399203 0.014286 203764292666.717010 490420.000000 8.729714 4576.000000 4576.000000 418.330013 686000.000000 2503155504993241600000000000000000.000000 300647710720.000000
71 436.632045 101.113797 0.014085 242532921095.686400 504526.000000 8.793095 4717.000000 4717.000000 421.307489 715822.000000 7509466514979724800000000000000000.000000 304942678016.000000
72 444.234600 101.823376 0.013889 288139106899.549440 518832.000000 8.856040 4860.000000 4860.000000 424.264069 746496.000000 22528399544939172000000000000000000.000000 309237645312.000000
73 451.857193 102.528045 0.013699 341697342141.748600 533338.000000 8.918558 5005.000000 5005.000000 427.200187 778034.000000 67585198634817526000000000000000000.000000 313532612608.000000
74 459.499549 103.227903 0.013514 404489444887.288090 548044.000000 8.980658 5152.000000 5152.000000 430.116263 810448.000000 202755595904452570000000000000000000.000000 317827579904.000000
75 467.161402 103.923048 0.013333 477987614296.600710 562950.000000 9.042349 5301.000000 5301.000000 433.012702 843750.000000 608266787713357740000000000000000000.000000 322122547200.000000
76 474.842491 104.613575 0.013158 563880389253.982540 578056.000000 9.103637 5452.000000 5452.000000 435.889894 877952.000000 1824800363140073200000000000000000000.000000 326417514496.000000
77 482.542564 105.299573 0.012987 664101843263.325810 593362.000000 9.164532 5605.000000 5605.000000 438.748219 913066.000000 5474401089420219400000000000000000000.000000 330712481792.000000
78 490.261373 105.981130 0.012821 780864382867.258180 608868.000000 9.225040 5760.000000 5760.000000 441.588043 949104.000000 16423203268260657000000000000000000000.000000 335007449088.000000
79 497.998679 106.658333 0.012658 916695554594.451170 624574.000000 9.285169 5917.000000 5917.000000 444.409721 986078.000000 49269609804781973000000000000000000000.000000 339302416384.000000
80 505.754248 107.331263 0.012500 1074479306683.732800 640480.000000 9.344927 6076.000000 6076.000000 447.213595 1024000.000000 147808829414345930000000000000000000000.000000 343597383680.000000
81 513.527850 108.000000 0.012346 1257502196862.077600 656586.000000 9.404319 6237.000000 6237.000000 450.000000 1062882.000000 443426488243037730000000000000000000000.000000 347892350976.000000
82 521.319264 108.664622 0.012195 1469505086578.075900 672892.000000 9.463354 6400.000000 6400.000000 452.769257 1102736.000000 1330279464729113300000000000000000000000.000000 352187318272.000000
83 529.128273 109.325203 0.012048 1714740915646.343300 689398.000000 9.522036 6565.000000 6565.000000 455.521679 1143574.000000 3990838394187339700000000000000000000000.000000 356482285568.000000
84 536.954664 109.981817 0.011905 1998039209600.302000 706104.000000 9.580373 6732.000000 6732.000000 458.257569 1185408.000000 11972515182562020000000000000000000000000.000000 360777252864.000000
85 544.798230 110.634533 0.011765 2324878035563.612800 723010.000000 9.638371 6901.000000 6901.000000 460.977223 1228250.000000 35917545547686061000000000000000000000000.000000 365072220160.000000
86 552.658769 111.283422 0.011628 2701464191546.769000 740116.000000 9.696036 7072.000000 7072.000000 463.680925 1272112.000000 107752636643058170000000000000000000000000.000000 369367187456.000000
87 560.536084 111.928549 0.011494 3134822489193.732900 757422.000000 9.753373 7245.000000 7245.000000 466.368953 1317006.000000 323257909929174550000000000000000000000000.000000 373662154752.000000
88 568.429982 112.569978 0.011364 3632895071616.988800 774928.000000 9.810388 7420.000000 7420.000000 469.041576 1362944.000000 969773729787523640000000000000000000000000.000000 377957122048.000000
89 576.340275 113.207774 0.011236 4204651796570.445300 792634.000000 9.867086 7597.000000 7597.000000 471.699057 1409938.000000 2909321189362571100000000000000000000000000.000000 382252089344.000000
90 584.266779 113.841996 0.011111 4860212811359.010700 810540.000000 9.923473 7776.000000 7776.000000 474.341649 1458000.000000 8727963568087712000000000000000000000000000.000000 386547056640.000000
91 592.209312 114.472704 0.010989 5610984550145.731400 828646.000000 9.979553 7957.000000 7957.000000 476.969601 1507142.000000 26183890704263137000000000000000000000000000.000000 390842023936.000000
92 600.167700 115.099957 0.010870 6469810497309.495100 846952.000000 10.035333 8140.000000 8140.000000 479.583152 1557376.000000 78551672112789411000000000000000000000000000.000000 395136991232.000000
93 608.141769 115.723809 0.010753 7451138182883.638700 865458.000000 10.090816 8325.000000 8325.000000 482.182538 1608714.000000 235655016338368240000000000000000000000000000.000000 399431958528.000000
94 616.131352 116.344317 0.010638 8571204008571.528300 884164.000000 10.146008 8512.000000 8512.000000 484.767986 1661168.000000 706965049015104730000000000000000000000000000.000000 403726925824.000000
95 624.136283 116.961532 0.010526 9848237646135.273400 903070.000000 10.200913 8701.000000 8701.000000 487.339717 1714750.000000 2120895147045314200000000000000000000000000000.000000 408021893120.000000
96 632.156400 117.575508 0.010417 11302687904889.309000 922176.000000 10.255535 8892.000000 8892.000000 489.897949 1769472.000000 6362685441135942000000000000000000000000000000.000000 412316860416.000000
97 640.191546 118.186294 0.010309 12957472132446.736000 941482.000000 10.309879 9085.000000 9085.000000 492.442890 1825346.000000 19088056323407826000000000000000000000000000000.000000 416611827712.000000
98 648.241565 118.793939 0.010204 14838251393675.008000 960988.000000 10.363950 9280.000000 9280.000000 494.974747 1882384.000000 57264168970223483000000000000000000000000000000.000000 420906795008.000000
99 656.306305 119.398492 0.010101 16973733867978.309000 980694.000000 10.417750 9477.000000 9477.000000 497.493719 1940598.000000 171792506910670450000000000000000000000000000000.000000 425201762304.000000
100 664.385619 120.000000 0.010000 19396009115566.359000 1000600.000000 10.471285 9676.000000 9676.000000 500.000000 2000000.000000 515377520732011320000000000000000000000000000000.000000 429496729600.000000
